{
  "advancedEditorSelectedIdentifier" : "ProjectBrowser",
  "openSceneRelativePaths" : [
    "Assets\/Fence.usda",
    "Assets\/House1.usda",
    "Scenes\/EnviScene.usda"
  ],
  "recentIdentifiers" : {

  },
  "sceneCameraHistory" : {
    "1A04EAF0-8FAE-45B1-BCEE-AD12ECD05C80" : [
      {
        "date" : 805364428.24825,
        "title" : "Untitled",
        "transform" : [
          0.895685,
          -2.1115998e-10,
          -0.44468892,
          0,
          -0.28461745,
          0.768344,
          -0.5732719,
          0,
          0.34167406,
          0.64003724,
          0.6881942,
          0,
          4.5612807,
          8.544373,
          9.187258,
          1
        ]
      }
    ],
    "62027AC2-F52C-488B-A892-695A82717AF8" : [
      {
        "date" : 805364721.743345,
        "title" : "Untitled",
        "transform" : [
          -0.51895547,
          2.6088859e-08,
          0.8548013,
          0,
          0.51319546,
          0.79972386,
          0.3115643,
          0,
          -0.68360484,
          0.60036814,
          -0.41502112,
          0,
          -11.720795,
          18.069601,
          5.3060975,
          1
        ]
      },
      {
        "date" : 805364711.892934,
        "title" : "Untitled",
        "transform" : [
          -0.5639197,
          2.8265436e-08,
          0.8258297,
          0,
          0.6045411,
          0.68126076,
          0.41281226,
          0,
          -0.56260514,
          0.73204094,
          -0.38417637,
          0,
          -9.220403,
          19.640297,
          6.3550997,
          1
        ]
      },
      {
        "date" : 805364651.458554,
        "title" : "Untitled",
        "transform" : [
          -0.69225407,
          2.9072098e-08,
          0.72165394,
          0,
          0.3684477,
          0.8598422,
          0.35343724,
          0,
          -0.6205083,
          0.5105602,
          -0.5952292,
          0,
          -13.86233,
          16.830666,
          0.50592214,
          1
        ]
      },
      {
        "date" : 805364549.935752,
        "title" : "Untitled",
        "transform" : [
          -0.9995781,
          1.9940298e-08,
          0.0290446,
          0,
          0.012519509,
          0.90232986,
          0.4308644,
          0,
          -0.026207762,
          0.43104637,
          -0.9019491,
          0,
          -9.191831,
          15.646688,
          -13.478809,
          1
        ]
      },
      {
        "date" : 805364526.332236,
        "title" : "Untitled",
        "transform" : [
          -0.5753527,
          2.0823116e-08,
          0.81790537,
          0,
          0.276846,
          0.940973,
          0.19474642,
          0,
          -0.76962686,
          0.33848187,
          -0.54139143,
          0,
          -15.999936,
          14.180687,
          1.4657575,
          1
        ]
      },
      {
        "date" : 805364502.564648,
        "title" : "Untitled",
        "transform" : [
          0.23545583,
          -3.4501756e-08,
          -0.9718851,
          0,
          -0.971293,
          0.0348996,
          -0.23531239,
          0,
          0.0339184,
          0.99939084,
          0.008217244,
          0,
          -0.46777058,
          19.539715,
          -13.98098,
          1
        ]
      },
      {
        "date" : 805364498.129869,
        "title" : "Untitled",
        "transform" : [
          -0.6156074,
          -2.4387344e-08,
          -0.78805315,
          0,
          -0.74353653,
          0.33134183,
          0.5808321,
          0,
          0.26111493,
          0.94351083,
          -0.20397648,
          0,
          -4.965317,
          20.868607,
          -9.130338,
          1
        ]
      },
      {
        "date" : 805364486.398283,
        "title" : "Untitled",
        "transform" : [
          -0.7994731,
          -3.9811745e-08,
          0.60070163,
          0,
          0.25178,
          0.9079202,
          0.33509362,
          0,
          -0.54538924,
          0.41914302,
          -0.72585785,
          0,
          -20.521486,
          11.474624,
          -10.112911,
          1
        ]
      },
      {
        "date" : 805364482.864903,
        "title" : "Untitled",
        "transform" : [
          -0.06793215,
          -1.6898666e-09,
          0.9976899,
          0,
          0.96673083,
          0.24718153,
          0.065824166,
          0,
          -0.24661057,
          0.9689692,
          -0.01679158,
          0,
          -4.657874,
          23.078259,
          10.038304,
          1
        ]
      },
      {
        "date" : 805364473.41386,
        "title" : "Untitled",
        "transform" : [
          1,
          0,
          0,
          0,
          0,
          0.7071069,
          -0.70710677,
          0,
          0,
          0.70710677,
          0.7071069,
          0,
          0,
          16.505466,
          16.50547,
          1
        ]
      }
    ],
    "E463101A-1F97-4D83-AC09-FB1708DBE418" : [
      {
        "date" : 805364415.215506,
        "title" : "Untitled",
        "transform" : [
          0.35870403,
          1.4441921e-08,
          0.9334513,
          0,
          0.36441335,
          0.92064816,
          -0.14003584,
          0,
          -0.8593802,
          0.39039347,
          0.33024028,
          0,
          -4.471256,
          2.3070211,
          1.4848248,
          1
        ]
      },
      {
        "date" : 805364408.314622,
        "title" : "Untitled",
        "transform" : [
          0.9983057,
          2.2946761e-10,
          0.05818787,
          0,
          0.047336973,
          0.58153754,
          -0.81214124,
          0,
          -0.03383843,
          0.8135196,
          0.5805522,
          0,
          -0.3810019,
          4.4242496,
          2.7928534,
          1
        ]
      }
    ]
  },
  "sceneViewportBackgroundColors" : {

  },
  "selectedSceneRelativePath" : "Scenes\/EnviScene.usda"
}